3,2
3,1
3,3
10,133
10,235
10,177
10,91
10,183
10,149
10,135
10,2
10,3
9,7
9,1
9,5
9,2
9,3
8,7
8,12
8,11
8,9
35,5
35,4
35,3
35,2
35,1
35,0
34,3
34,2
34,1
34,0
33,3
33,2
33,1
33,0
31,3
31,2
31,1
31,0
20,3
20,2
20,1
19,3
19,2
19,1
12,3
12,2
12,1
11,30
11,29
11,28
11,27
11,26
11,25
11,24
11,23
11,22
11,21
11,20
11,19
11,18
11,17
11,16
11,15
11,14
11,13
11,12
11,11
11,10
11,9
11,8
11,7
11,6
11,5
11,4
11,3
11,2
18,1
11,1
11,0
18,3
10,299
10,293
14,1
10,284
14,3
10,278
13,1
10,262
13,3
10,232
10,147
10,127
10,125
10,121
10,118
10,115
10,105
10,76
10,31
